function rescale_sub_list = get_rescale_gaze_subject_list()
% This list is confirmed by mlelston@indiana.edu on Feb 6, 2013
% All subjects in this list, their eye gaze data from child and parent
% need to be rescaled from 640 to 720 to match up with the scene image
% sizes.

rescale_sub_list = [
        3201
        3202
        3203
        3204
        3205
        3206
        3207
        3208
        3209
        3210
        3211
        3212
        3213
        3214
        3215
        3216
        3217
        3218
        3219
        3220
        3401
        3402
        3403
        3404
        3405
        3406
        3407
        3408
        3409
        3410
        3411
        3412
        3413
        3414
        3415
        3416
        3417
        3418
        3501
        3502
        3503
        3504
        3505
        3506
        3507
        3508
        3509
        3510
        3511
        3512];